  310 287 284 281 284 290 265 258 252 259 246 256 267 253 264 262 237 258
  263 259 229 223 206 183 190 171 166 169 167 152 163 155 128 118 132 131
  162 197 235 250 240 244 264 262 291 308 297 337 345 335 339 331 324 329
  316 336 333 325 326 310 318 315 301 295 271 281 295 308 296 313 316 291
  156 155 159 149 157 156 171 190 194 194 221 206 223 249 271 272 310 300
  283 281 264 248 235 240 240 229 213 233 211 219 223 203 173 163 177 167
  212 270 288 307 305 294 300 330 314 316 302 314 307 278 275 273 251 249
  236 237 218 210 217 207 216 204 187 183 188 177 188 199 191 193 186 161
   74  69  69  72  79  75  84 100  99 108 105 119 123 132 159 184 191 205
  206 200 211 220 212 214 213 207 216 222 213 181 185 177 176 174 192 196
  227 232 228 248 250 248 266 256 261 255 252 236 231 227 224 205 201 192
  149 143 131 116 125 113 113 101 100 109  87  91 109  92  89  91  79  78
   49  48  53  58  51  58  63  68  69  77  84  85 106 109 136 152 170 179
  179 167 181 159 171 167 172 185 177 182 133 132 120 112 112 115 122 119
  123 121 130 147 163 189 192 214 219 207 200 183 187 179 187 184 178 164
  143 111 106 101  90 105  89  93  75  69  70  52  67  57  64  60  75  64
   55  43  51  54  61  61  64  72  60  80  80  96  98 115 139 173 191 184
  193 170 167 158 134 141 150 132 109 111  88  71  82  78  67  74  84  77
   84  74  74  69  73 108 115 130 152 159 169 183 191 198 207 202 206 161
  140 111 108  93  89  93  92  83  69  77  63  56  59  60  60  63  74  53
   58  59  69  56  60  84  84  93  91  98  89  89 106 114 127 151 180 216
  220 187 152 139 128 126 119 113  95  90  80  68  77  63  69  65  71  75
   61  62  58  57  66  74  63  91  86 121 135 180 186 179 181 199 184 169
  149 127 120  99  95 101  99  91  92  64  77  60  60  57  59  57  53  56
   56  59  64  75  81  98  98  97 100  90 104  97  82 116 123 129 181 210
  228 208 173 151 128 112 110 119 110  77  77  81  78  68  68  75  73  70
   65  80  64  48  60  60  66  80  83 110 119 129 176 171 185 180 186 180
  167 146 124 102 104 118 104 101 112  96  87  85  68  70  62  51  54  64
   72  68  84  87  96 109 104 108  85 100  81  97  96  88  96 113 147 195
  209 187 174 165 118 109 108 110 112  99  94  85  73  76  65  85  80  87
   76  69  61  60  63  78  82 111 112 104 121 117 145 171 177 165 165 145
  157 136 114  95  84  95  94 102 101 117 125 118 101  76  68  62  66  94
  109 104 108 100 116 126 126 114 109 103 100  96  79  79  88 102 131 183
  191 171 134 132 111 103  90 104 112 112  96  92  83  72  78  95  86 100
  106  89  69  68  66  89 129 116 109 116 113 123 126 130 142 133 127 142
  116 109  92  77  74  77  79  88  86 100 118 115 117  93  92  85  87 100
  147 151 141 130 131 128 142 138 117 103  85  76  63  71  84  90 117 189
  200 139  84  73  88  65  72  82 106 120 111 105 111 112 115 127 151 149
  120 101 101  97 104 116 152 133 117 116  99 102  98 101 104 120 143 141
  103  81  65  49  64  60  71  70  90 106 115 130 127 124 127 117 118 140
  187 205 189 140 143 133 156 164 137  97  80  57  49  54  78  77 107 168
  187 114  66  64  52  58  69  73  96 116 132 151 174 205 221 223 241 240
  195 165 158 132 141 154 176 147 112 103  88  77  86  95  96 100 119 138
  120  91  63  67  53  61  59  72  95 110 155 152 148 155 155 167 176 186
  228 215 198 172 146 135 174 181 139  96  63  50  47  48  52  81 106 171
  176 105  70  54  48  50  50  56 100 124 218 277 319 386 405 365 329 268
  208 198 184 173 218 237 261 191 152 104  74  63  89  87  86  89 110 127
  123 110  91  79  73  56  62  71 114 146 193 196 187 156 165 183 213 215
  215 205 167 136 132 138 195 184 134  99  66  53  44  55  63  71 115 163
  158  84  60  58  39  50  74  76 113 233 436 614 503 459 495 444 300 238
  205 196 179 208 253 298 319 272 196 117 100  89  74  72  57  75 100 123
  119  96  81  80  73  54  61  76 132 211 254 220 159 142 142 152 185 197
  160 152 115 107  93 104 183 199 141 108  72  42  47  43  44  66  98 152
  141  72  60  37  45  47  86 112 158 273 470 625 470 368 413 336 252 195
  196 186 194 218 288 294 326 279 224 169 151  98  60  51  60  74 117 149
  113  87  60  59  54  50  60  80 142 175 198 176 123 107  92 112 119 133
  115 105  93  76  79  89 163 171 126  94  63  41  40  30  37  58 101 141
  130  79  62  49  57  77  83 114 174 242 328 444 312 210 220 200 131 172
  167 168 145 157 214 236 271 246 195 150 120 112  93  66  43  59  96 149
  120  79  49  49  50  51  58  64 145 161 177 173 120  83  72  83  94  97
   83  88  85  69  68  80 143 142 145  89  62  32  18  24  16  35  82 126
  111  43  23  53  54  63  65  81 140 184 221 210 123 106  91  93  86  75
  102  89 112 109 110 146 137 156 147  90  83  78  63  84  70  40  71 137
   86  52  41  24  34  25  42  71 113 145 175 139  69  53  60  54  71  83
   26  29  31  23   4  38 108 100  90  54  41  24   0   0   0   0   0  75
   46   0   0   0   0   0   0   0  59  74  79  81  26  30   7   0   0   0
    0   0   0   0   0  12  29  57  44   0   0  10   3  21  24  23  33  90
   51   0   0   0   0   0  12  45  84  86 115  53  23  19  12  19  16  14
    0   0   0   0   0   0   0   0   0   0   0   0   0   0   0   0   0   0
    0   0   0   0   0   0   0   0   0   0   0   0   0   0   0   0   0   0
    0   0   0   0   0   0   0   0   0   0   0   0   0   0   0   0   0   0
    0   0   0   0   0   0   0   0   0   0   0   0   0   0   0   0   0   0
    0   0   0   0   0   0   0   0   0   0   0   0   0   0   0   0   0   0
    0   0   0   0   0   0   0   0   0   0   0   0   0   0   0   0   0   0
    0   0   0   0   0   0   0   0   0   0   0   0   0   0   0   0   0   0
    0   0   0   0   0   0   0   0   0   0   0   0   0   0   0   0   0   0
