  992 943 910 905 868 876 840 834 790 765 746 731 747 746 770 783 775 764
  768 739 683 639 571 499 474 457 472 464 448 430 418 369 354 362 362 363
  412 601 669 707 691 710 761 798 863 918 9961091113211571146109410881052
 106611011102111910771079108010461012 961 913 940 96210461061102510411024
  423 405 401 416 427 450 464 511 542 580 572 604 647 723 804 883 954 948
  944 890 846 777 728 711 700 676 651 670 656 639 636 593 529 467 470 514
  641 791 858 891 889 910 917 963 967 947 944 954 959 933 900 872 817 764
  722 688 652 629 632 609 614 603 552 515 509 529 549 575 571 531 522 488
  176 155 158 172 176 169 231 258 261 290 307 302 328 370 395 462 547 614
  642 637 645 662 690 691 695 736 711 674 631 564 517 490 474 510 559 588
  638 662 666 724 782 812 867 855 838 815 793 752 728 726 686 644 597 537
  458 379 364 344 345 323 335 343 307 282 294 289 291 304 291 278 269 251
  126 107 110 116 126 137 188 177 169 199 217 267 313 359 375 437 484 552
  538 508 498 497 520 522 568 543 518 465 396 349 345 333 343 343 335 365
  365 378 369 377 458 547 636 687 683 655 657 653 609 613 595 581 564 494
  408 347 342 303 304 309 283 283 256 220 222 200 185 167 164 175 178 183
  131 117 157 148 154 171 213 196 229 234 280 302 369 368 416 481 571 682
  654 537 474 430 412 427 398 365 344 335 275 240 222 216 235 235 232 225
  226 209 185 223 246 301 366 394 440 461 531 599 670 656 673 667 642 550
  431 352 353 339 339 352 344 296 261 253 213 191 184 160 153 150 168 186
  142 144 151 163 168 241 272 298 315 335 349 360 365 369 400 498 675 838
  795 616 483 426 362 368 365 363 336 299 220 194 181 215 223 226 213 200
  221 184 151 163 179 198 235 265 343 381 441 598 686 682 672 701 650 565
  482 406 361 347 360 358 349 359 348 288 242 203 166 168 144 148 177 176
  163 150 172 168 224 319 347 345 350 355 353 336 350 367 369 439 634 820
  878 742 598 479 375 359 366 360 338 298 253 228 206 206 209 228 241 243
  225 211 180 163 177 181 246 300 349 367 415 477 587 636 621 627 627 609
  589 523 437 376 370 360 360 367 373 349 348 313 233 214 187 146 171 198
  244 214 224 266 338 378 406 375 372 353 347 345 357 344 354 362 508 766
  786 697 623 554 424 356 380 357 362 330 325 276 224 206 220 256 255 294
  278 262 214 186 197 265 327 358 390 361 386 454 544 644 652 594 544 533
  555 509 389 364 362 337 356 376 373 402 394 417 350 287 255 194 189 239
  357 327 340 356 450 510 535 461 391 348 343 325 291 319 324 363 465 712
  701 585 449 462 378 340 352 371 413 437 379 329 301 270 285 324 350 330
  319 261 250 223 254 350 482 493 435 432 436 420 431 472 524 485 452 426
  428 374 339 270 253 269 322 361 335 356 410 434 394 344 306 244 245 325
  548 556 519 508 489 528 590 522 433 388 331 288 221 227 299 333 420 739
  785 500 268 297 261 217 246 320 395 451 414 364 352 373 387 384 461 417
  366 313 324 328 379 463 638 599 488 417 404 367 354 370 407 392 445 445
  360 348 277 210 181 205 243 286 344 379 452 505 468 432 373 331 346 474
  657 688 681 539 490 483 648 684 534 378 291 200 170 169 232 297 401 665
  755 431 214 206 186 180 208 260 367 420 462 449 528 688 738 730 871 700
  530 465 502 507 500 548 707 590 434 396 328 294 319 365 350 330 395 450
  404 330 271 201 174 172 198 287 358 452 585 664 606 557 540 488 529 575
  663 701 665 570 498 539 658 732 594 372 259 177 142 152 207 289 371 616
  696 348 213 162 150 157 165 209 332 445 781107912051565169814461285 919
  588 592 595 563 613 689 859 733 521 392 290 248 316 341 333 290 363 405
  435 369 327 321 242 180 209 303 439 672 891 921 691 582 568 592 594 611
  552 589 530 444 427 508 738 736 548 381 262 160 126 128 159 235 357 606
  576 287 203 148 116 108 152 215 397 7872102315622292010220119071227 688
  587 608 546 571 818106212011040 724 498 313 268 276 234 214 219 324 416
  444 342 303 283 239 187 199 320 552 9521187 914 591 441 398 418 410 510
  379 374 355 331 345 392 751 901 532 375 222 135 115 111 120 180 341 586
  538 279 181 136 119 137 206 330 5081087241635332252145916871294 744 543
  518 539 486 611 86310721187 955 689 516 425 317 244 193 179 202 359 496
  442 280 211 195 164 156 175 306 553 796 914 689 420 322 297 279 317 343
  289 261 256 280 240 308 622 743 463 345 221 139 106  91 120 195 345 567
  505 275 189 143 142 185 235 379 606 989152920841410 649 719 606 429 416
  418 412 365 397 609 838 956 833 599 465 367 282 235 188 160 209 340 543
  409 260 187 150 136 140 181 284 507 718 735 806 390 218 193 188 215 266
  220 196 196 204 182 260 535 605 504 325 219 124  87  86 108 181 327 487
  457 213 147 183 169 149 192 329 524 690 841 878 466 326 325 328 232 217
  268 258 264 274 369 538 606 602 504 369 230 183 164 178 183 183 317 534
  340 221 155 115 142 130 184 310 442 566 716 639 245 154 129 131 149 196
  119 111 109  93  87 168 530 485 371 289 167  98  40  57  59  95 211 351
  274 108 109 109  91  67 107 187 347 409 519 399 205 143 123 119 110 103
   99 114 113 113 152 227 295 308 266 217 107  80  78 107 158 221 254 409
  279 152  78  53  56  70 122 215 395 435 570 280 140 113  66  48  75 101
    0   0   0   0   0   0   0   0   0   0   0   0   0   0   0   0   0   0
    0   0   0   0   0   0   0   0   0   0   0   0   0   0   0   0   0   0
    0   0   0   0   0   0   0   0   0   0   0   0   0   0   0   0   0   0
    0   0   0   0   0   0   0   0   0   0   0   0   0   0   0   0   0   0
    0   0   0   0   0   0   0   0   0   0   0   0   0   0   0   0   0   0
    0   0   0   0   0   0   0   0   0   0   0   0   0   0   0   0   0   0
    0   0   0   0   0   0   0   0   0   0   0   0   0   0   0   0   0   0
    0   0   0   0   0   0   0   0   0   0   0   0   0   0   0   0   0   0
