  364 383 371 371 376 346 351 365 341 355 351 343 364 351 382 355 347 353
  339 356 359 365 354 346 344 335 327 334 308 321 316 316 283 294 306 308
  339 347 344 350 352 348 353 375 398 413 415 422 433 442 445 416 431 440
  431 423 434 440 446 439 425 421 421 411 394 410 396 408 404 403 400 401
  336 317 295 318 324 301 308 320 343 337 343 361 362 361 374 361 365 356
  348 373 359 354 358 349 349 347 336 333 344 351 351 362 358 344 339 363
  350 373 383 393 385 393 387 425 437 428 452 441 445 431 422 416 423 412
  407 387 374 366 344 346 351 338 361 364 351 360 347 348 348 348 334 336
  227 224 223 245 255 237 248 264 266 285 297 312 311 343 361 339 376 349
  363 351 356 361 353 362 374 363 368 345 357 360 357 366 355 362 363 365
  353 358 345 359 366 373 383 392 396 408 429 437 450 418 416 416 386 374
  361 355 348 364 343 337 319 326 308 282 288 269 244 242 235 229 249 221
  202 196 209 218 239 222 250 249 263 261 265 278 295 327 357 373 361 344
  357 364 370 367 366 348 376 364 366 348 335 341 342 333 318 303 301 298
  300 299 296 293 326 338 369 356 374 377 382 388 395 398 404 394 403 357
  349 350 337 332 301 294 286 261 262 236 228 222 197 199 178 188 181 179
  194 204 220 234 236 250 266 259 279 271 268 297 321 348 355 345 377 368
  376 352 346 366 352 370 343 331 322 288 286 286 281 258 251 239 219 224
  222 203 222 223 235 259 270 297 338 361 344 379 400 404 412 447 423 391
  346 353 333 311 295 281 256 252 227 226 225 217 220 183 178 160 180 178
  190 198 216 230 236 234 259 248 256 291 304 305 320 355 356 373 405 460
  445 429 397 362 334 344 340 328 290 270 233 232 233 236 195 194 188 172
  176 179 176 181 167 198 225 263 291 339 361 371 408 413 436 446 449 438
  387 371 334 362 344 332 293 285 234 229 223 208 202 179 167 152 158 173
  183 186 193 198 221 242 248 262 278 299 283 301 306 322 362 374 440 471
  470 490 432 375 339 351 324 316 293 270 241 231 217 200 192 182 177 181
  179 182 162 149 165 199 218 240 263 305 351 345 363 403 397 427 463 469
  444 407 386 331 328 325 335 301 263 249 237 224 208 199 184 155 157 174
  194 191 215 223 228 262 276 277 292 277 274 279 273 309 340 375 426 475
  476 441 399 352 344 319 313 320 292 277 257 235 212 185 190 179 173 182
  194 161 174 168 169 202 248 269 291 318 339 356 356 349 379 377 382 395
  390 359 337 344 331 309 308 299 280 274 257 249 220 208 190 174 163 180
  252 245 252 250 284 278 296 294 282 269 282 261 253 290 299 343 376 416
  388 373 337 338 310 309 316 320 290 286 263 256 220 197 196 195 206 214
  210 194 177 165 174 244 300 314 307 309 336 351 353 344 353 341 361 352
  364 331 313 296 274 256 267 263 266 263 266 261 260 229 214 190 177 234
  311 301 317 290 301 305 325 307 288 262 247 256 249 276 315 331 355 399
  391 348 330 303 286 270 299 284 271 291 277 264 256 277 263 278 296 287
  272 218 214 221 241 273 348 361 336 316 306 310 314 354 360 338 352 361
  357 319 283 269 246 230 238 238 252 268 279 298 286 277 266 243 234 280
  339 347 356 324 325 325 337 330 297 248 217 212 208 271 278 285 362 373
  366 332 289 265 251 258 231 212 239 264 334 339 389 474 477 489 512 449
  387 344 350 326 354 358 394 348 316 277 264 272 282 331 326 342 348 361
  347 344 283 269 219 204 210 223 255 297 326 357 348 338 320 317 305 325
  323 368 348 331 330 351 345 333 320 244 216 192 190 248 246 262 325 384
  355 321 257 226 230 218 186 189 264 387 506 576 613 694 701 630 599 558
  432 401 415 428 498 529 552 485 363 290 230 241 257 294 316 333 354 338
  360 319 280 269 244 191 194 223 290 335 382 416 353 346 348 359 348 363
  345 341 336 340 336 348 349 346 324 267 210 173 177 210 200 220 311 349
  340 293 232 199 203 173 195 220 351 552 7941065 986 898 891 778 630 543
  442 421 433 443 554 613 587 559 496 368 245 221 221 239 266 294 349 331
  335 300 263 241 241 185 187 247 323 401 503 484 380 336 346 347 331 352
  327 311 317 289 293 333 339 345 325 259 194 157 165 183 176 213 313 367
  349 292 195 188 186 197 230 306 432 610 91513141213 968 824 682 561 490
  435 402 382 479 581 556 612 546 496 430 352 264 231 213 214 265 326 343
  341 290 223 212 204 186 180 219 345 405 497 476 350 286 273 292 294 315
  286 271 257 244 242 298 353 358 306 246 181 147 140 173 150 214 295 342
  322 253 187 167 206 238 254 327 458 575 7401023 952 635 564 523 447 402
  409 398 382 403 511 579 563 525 504 377 314 291 288 246 176 225 311 357
  320 256 197 195 187 161 161 226 333 381 459 473 323 246 219 244 257 283
  235 229 225 209 211 274 363 349 334 238 176 127 128 147 148 172 249 313
  299 193 147 179 220 205 204 248 395 468 565 587 486 379 318 355 332 300
  315 301 287 299 331 415 455 491 432 312 225 232 263 275 225 198 280 335
  294 213 167 163 168 133 156 221 294 368 395 378 277 210 218 227 234 229
  148 164 162 158 158 217 339 365 300 217 128  95   1   1   1   1   2 239
  201   1   1   1   1   1   1   2 249 314 336 341 228 178 180   2   2   2
    2   2   1   1   2 187 243 283 266   2   1 130 155 168 168 201 212 284
  251   2   1   1   1   1 118 174 296 327 372 281 179 171 181 159 145 154
    0   0   0   0   0   0   0   0   0   0   0   0   0   0   0   0   0   0
    0   0   0   0   0   0   0   0   0   0   0   0   0   0   0   0   0   0
    0   0   0   0   0   0   0   0   0   0   0   0   0   0   0   0   0   0
    0   0   0   0   0   0   0   0   0   0   0   0   0   0   0   0   0   0
    0   0   0   0   0   0   0   0   0   0   0   0   0   0   0   0   0   0
    0   0   0   0   0   0   0   0   0   0   0   0   0   0   0   0   0   0
    0   0   0   0   0   0   0   0   0   0   0   0   0   0   0   0   0   0
    0   0   0   0   0   0   0   0   0   0   0   0   0   0   0   0   0   0
