   67  68  78  72  83  71  66  62  66  59  57  52  65  52  58  53  50  46
   33  39  42  42  39  42  33  39  34  32  36  24  29  23  23  21  20  23
   31  31  46  47  41  35  45  46  56  52  48  48  52  54  53  55  52  54
   55  55  49  61  54  54  57  69  62  73  69  67  70  79  77  77  82  66
   30  34  34  24  26  32  37  32  35  41  38  38  31  36  36  46  58  47
   53  45  52  50  50  45  50  58  41  43  47  42  51  33  40  37  33  30
   31  46  39  41  60  47  45  45  52  57  63  44  48  49  47  42  42  36
   35  46  34  30  35  32  31  35  30  23  33  32  39  29  30  35  34  34
    2  23  19   4   4  13  15  11  23  10  12  18  17  24  27  35  22  31
   33  35  41  23  43  43  45  52  59  45  53  42  34  32  33  43  50  45
   50  50  49  37  50  45  53  45  43  51  40  39  38  44  47  33  35  31
   35  15  26  16  30  21  10  17  26  13  18  14  25  20  19  11  23  18
   11   6  12  13   1  11  14  16   6   8   4   9  11  21  15  25  31  27
   32  35  31  39  29  31  32  39  35  38  32  28  34  25  20  21  31  26
   25  17  30  26  35  41  40  45  44  39  46  48  42  44  46  29  31  25
   30  33  27  15  12   7  11  17  15  20  13  18   8  17  10   9   6   5
   10   5   9   3   6  14   7   1  10  10   8  19  20  25  27  26  30  29
   32  47  33  38  22  33  35  25  21  17  21  19  14  15  20  14  19  19
   20  12  13  26  19  20  14  22  29  33  41  51  51  57  53  43  35  32
   33  26  27  16  26  19  25  20  19  13  17  21  14   8   3  20  15   8
   13   7   9  13  11  11   2  14  14  14  15  14  16  28  27  33  36  41
   35  36  35  35  28  27  28  25  25  20  15  10  14  14  17  16  16  15
   15   9   8  18  13  12   0   5  15  19  29  45  62  67  56  47  41  38
   34  30  20  25  25  17  19  16  24  14  10  21   8   8   7  13  13  12
    7   6  11  11   9   2   9   5   9   4  15   5  23  20  23  28  29  39
   46  51  46  36  29  27  20  25  25  21  13  14  24  20  23  21   5  16
    5  15  13  13  15   7   9   9  15  27  29  40  39  51  46  41  31  40
   33  28  30  25  22  24  18  19  19  25  23  14  14   8   4   8   3  11
   15  12   3  10   3  18  19  18  19  13  19  23  33  13  26  31  39  33
   36  38  40  38  25  26  24  39  37  33  21  15  13  20  15  20  10  32
   13  21  11   8  13  14  14  25  16  18  26  26  47  55  42  45  28  36
   52  28  23  19  18  16  16  18  20  15  28  22  14  19  19   6   9  21
   28  16  18   9  18  15  13  25  19  12  15  29  20  18  27  29  32  40
   33  19  30  23  17  16  18  34  36  36  34  30  22  23  30  24  24  19
   15  13  10   8  10  11  17  16  22  24  26  31  38  38  35  29  30  26
   25  34  14  18  11   5   4  14  19  20  22  28  30  22  18  16  17  17
   40  31  32  27  22  26  18  30  25  25  25  22  10  17  24  26  26  27
   20  12  13  16  22  19  25  35  38  54  43  40  25  39  50  48  43  40
   30  24  18  26  29  27  30  29  28  28  25  23  28  35  24  20  31  24
   25  16  12  21  16  12  14  18  17  19  21  20  27  26  18  20  31  30
   48  47  42  36  36  29  22  29  22  24  22   7  17  14  21  29  26  23
   28  10  14  10  10  16  12  28  31  36  52  48  54  70  75  66  63  63
   51  29  52  45  44  40  48  35  28  21  19  16  14  25  17  18  20  27
   26  19  13  12  10  14   3   4  23  32  35  50  34  41  35  31  23  42
   41  42  33  55  41  39  31  34  34  29  15  20  14  19  31  27  36  29
   32  19  14  14  13  15   7  16  36  46  64  76  90  98 120 102  72  48
   59  44  38  57  40  53  64  64  54  38  23  16  12  14  10  17  14  13
   22  21  29  28  17   6  16  15  19  35  48  51  50  47  37  45  40  41
   23  34  32  31  29  45  33  36  24  23  19  13   5  13  10  21  31  40
   34  21  21  12  16   5  19  31  42  59  87 113 110 108 111  98  75  50
   35  58  25  47  53  74 107  88  90  49  30  30   6   5  13  12  13  15
   23  33  24  14  26  10   9  14  29  46  38  45  54  50  39  35  30  41
   14  18  15  27  21  20  25  29  21  20   9   8   5   3  14  18  12  16
   41  21   6  10  12  16  31  38  40  66 111 164 141  93  95  79  38  38
   65  47  36  40  39  87  83  86  70  56  43  31  20  15  14  19   6  14
   20  24  15  16  12  12  11  21  33  36  42  32  32  25  14  25  21  15
   13  11   6   6  13  14  24  16  23  15  13   4   3   1   4   5  15  24
   40  19  16   4  18  35  36  32  42  58  74 106  71  66  60  49  28  28
   24  31  31  17  26  43  59  63  54  66  45  31  36  19   2  13   9  13
   38  13   4   2  11   6  10  15  19  21  29  23  17  13   9  19  18  12
    6   7   2  10  10  25  18  15  21   3   1   2   1   9   5   1   6  21
   24  14   4  15   5   1  11   7  30  55  67  88  31  28  22  20  14  18
   23  15  17  19  24  23  21  34  37  28   5  24  14  22  29  19  16  26
   19   1   1  11   6   1   4  15  22  37  43  24   7   9  16   5  11   0
   25  21  20  12  19  14   7   5   2   7  13  12  36  24  27  28  15   5
    9  10   8  33  21  28  22  25  14   0   2   2   9  14  29  15  30  21
   21  18   9   9  17  21  17  10  11   1   7   9  17   8   0  13   6   5
    9  23  32  29  19  28  14   0   9  19  34  15  22  22  15  21  29  21
    0   0   0   0   0   0   0   0   0   0   0   0   0   0   0   0   0   0
    0   0   0   0   0   0   0   0   0   0   0   0   0   0   0   0   0   0
    0   0   0   0   0   0   0   0   0   0   0   0   0   0   0   0   0   0
    0   0   0   0   0   0   0   0   0   0   0   0   0   0   0   0   0   0
    0   0   0   0   0   0   0   0   0   0   0   0   0   0   0   0   0   0
    0   0   0   0   0   0   0   0   0   0   0   0   0   0   0   0   0   0
    0   0   0   0   0   0   0   0   0   0   0   0   0   0   0   0   0   0
    0   0   0   0   0   0   0   0   0   0   0   0   0   0   0   0   0   0
