  495 461 482 435 432 458 445 464 513 465 497 472 436 492 432 455 472 466
  450 428 428 473 468 486 474 452 520 458 503 454 485 449 452 435 472 494
  423 494 464 454 469 439 478 452 494 500 486 461 469 437 463 503 499 501
  515 462 467 506 526 544 562 510 485 513 510 458 482 503 474 469 469 449
  202 216 212 253 197 184 185 225 203 209 246 253 253 306 336 354 402 391
  466 454 442 455 499 559 577 555 575 516 510 469 436 407 373 415 356 358
  366 370 338 324 362 336 341 343 367 387 444 415 432 462 433 412 432 426
  458 406 383 360 332 313 289 293 264 255 250 215 215 241 232 233 212 226
   78  54  30  47  36  38  47  46  49  65  75 101 129 179 236 293 391 426
  447 495 462 438 457 422 404 319 303 276 227 224 183 179 136 139 154 131
  164 138 134 138 129 124 120 122 124 168 171 192 272 335 353 389 371 304
  346 285 245 226 156 145 114 118  56  78  77  64  59  53  48  58  71  64
   36  19  18  19  21  18  31  22  44  30  30  46  54  74 102 169 220 315
  382 424 375 307 279 211 173 127 113  90  90  55  49  39  39  55  41  54
   43  57  42  40  34  39  31  47  57  51  77 132 159 229 331 340 367 357
  275 206 145  99  72  71  61  44  39  42  33  37  14  30  14  25  20  20
   19  12  17  24  18  15  17  13  14  20  30  28  26  34  51 112 168 246
  338 310 234 176 139 103  72  81  35  45  16  27  22  20  40  21  29  24
   15  25  30  12  10  21  26  26  26  28  41  47  79 107 208 271 301 311
  246 179  97  84  74  46  43  39  34  23  28  32  24   7  27   9  26  15
   32  16  25  10  17  14  12  18   6  12  14  20  33  38  66 103 173 300
  350 302 209 109  67  67  53  32  23  31  13  12  22  26  19  22  12  13
   21  20  20  15  13  23  20  19  19  21  23  28  47  71 159 226 360 392
  288 215 133 100  73  44  49  37  34  29  14  19  32  13  20  27  17  31
   31  26  22  14  22  13  21  13  20  19  21  30  38  27  56  89 188 260
  385 354 169  71  46  37  43  27  23  30  18  14   8   7  15  15  12  12
   22  18   9  12  11  12  15  12  15  24  22  25  27  41 109 251 349 408
  319 178 120  72  54  50  44  40  24  27  21  14  32  12  20  31  23  31
   47  39  29  28  20  12  20  12  16  17  20  19  18  34  51  75 114 233
  279 183 117  44  27  33  23  17  21  19  34  15  24  28  17  20  21  28
   19  18  24  20   9  14   7   9  15  13  18  22  35  37  67 149 216 260
  260 143  79  58  48  26  39  42  33  29  25  31  27  30  40  34  41  43
   57  45  38  31  20  12  20  30  23  26  25  17  29  30  31  56  90 164
  159 105  56  47  34  44  28  23  20  21  24  29  52  60  41  51  63  69
   31  24  25  21  20  15  16  15  21  12   5  24  30  35  48  60  94 177
  207  70  55  53  55  45  25  32  44  45  35  64  52  66  67  83  64  55
   64  62  66  70  75  57  56  36  24  16  16  17  24  28  35  48  54 107
  145  98  46  37  25  29  32  40  20  31  33  63  92 117  96  82  72  81
   69  47  56  78  59  29  20  23  15  31  22  15  19  19  31  32  67 148
  165  70  37  35  38  44  29  30  43  57  70  85  91 135 124 106  78  70
  105 136 184 154 167 193 193 125  55  27  19  14  22  28  26  40  71 108
  123  79  43  43  36  29  51  29  31  35  72 126 130 112 101  67  69  86
  102  84  70 116 108  95  83  37  24  36   8  27  24  36  37  42  51 138
  122  64  40  34  31  14  29  32  41  80 135 185 155 112 124  97 136 132
  208 224 183 130 168 216 271 287 168  69  26  27  23  35  34  62  88 113
  139  78  49  29  31  25  40  34  49  82 172 197 141  98 108 151 117 167
  164 115 100 105 134 223 232  95  34  27  14  20  18  21  40  44  65 132
  124  82  49  36  37  19  15  35  50 109 216 242 144 104 136 221 210 183
  130 105 125  90 112 185 249 287 247 103  21  15  36  38  36  38  86 121
  142  53  32  29  17  21  31  51  55 107 188 189  87 102 125 126 123 208
  207 117  92 140 124 240 371 169  55  29  18  18  24  32  37  44  49 161
  123  77  43  36  25  18  25  32  57 133 221 139 123 121 119 136 105 168
   35  25  52  47  60 197 246 167 160 101  44  19  26  19  21  56  89  97
   92  39  26  35  20  22  32  35  72 129 210 118 118 101  87  65  54  74
   63  50  57  85 111 182 324 235 136  51  15  11  21  30  35  23  64 139
  138  66  45  30  18  12  20  34  77 115 175 122 165 100  67  41  39  32
   10   8   2   3  35 121 231 102 106  81  40  29  33  16  27  22  41  84
   67  30  23  20   9  14  28  38  58 114 128 107  85  57  35  33  39  31
   20  18  10  39  61 209 230 153 120  63  32  21  24  25  17  26  40 104
   82  56  31  22  18  11  26  42  65  87 110 126  49  39  35  24  18  15
   11   5  11   9  22  76 135  58  69  63  42  26  13  21  20  18  36  70
   61   7  13  10  15  14  17  18  43  67  59  76  41  33   9  21  13  32
   11   6  13   2  21  97 141  91  78  42  34   3  21  12  21  15  51  78
   71  42  15   5  13  17  23  24  43  45  47  55  23  19  17  19   6  14
    1   1   1   3   6   3  50  37  21  30  15  19   7   0   2  14  30  41
   42  16   3  10   6   4  14  10  23  26  22  30  17   6   7  17   8  10
    6   9   6   4   6  36  53  53  53  38  30  22  13  17  12  21  41  73
   65  16   7   9   9   9  14  13  30  33  19  24  17   8  17   4   6   0
    0   0   0   0   0   0   0   0   0   0   0   0   0   0   0   0   0   0
    0   0   0   0   0   0   0   0   0   0   0   0   0   0   0   0   0   0
    0   0   0   0   0   0   0   0   0   0   0   0   0   0   0   0   0   0
    0   0   0   0   0   0   0   0   0   0   0   0   0   0   0   0   0   0
    0   0   0   0   0   0   0   0   0   0   0   0   0   0   0   0   0   0
    0   0   0   0   0   0   0   0   0   0   0   0   0   0   0   0   0   0
    0   0   0   0   0   0   0   0   0   0   0   0   0   0   0   0   0   0
    0   0   0   0   0   0   0   0   0   0   0   0   0   0   0   0   0   0
