   98  82  86  81  65  84  85  98  79  70  84  88  99 106  83  80  83  86
  109  98  98  99  95 101  82  89  85  86  71 112  80  96  77  80  87  60
   57  84  70  75  69  84  88  89  76  95  93  69  99 106 113 110 111 128
  108 114 112 100 116 132 119  95 114  83  92  78  67  86  82  82  73  77
   29  34  40  15  27  23  33  24  28  36  28  52  34  50  55  78  71 108
  111 101 106 104  99  82  91  98 113 120 105  96  77  79  74  74  59  49
   59  51  40  51  51  68  69  67  53  44  63  62  57  91  72  66  94 101
   74  73  70  58  43  60  42  28  45  37  39  33  33  29  36  45  53  45
    6   2   9   1   0   1   1   5   3   1   1  10   7  15  44  72  93  77
  104 104  87  74  58  56  56  58  57  49  44  28  21  18  11  10   9   1
   14  11   9  12   7   7  11  10   2  14  21  20  30  45  48  46  58  95
   78 100  60  42  27  18  10  12   0   1   6   2   0   8   2   7   7   4
    3   1   0   3   1   2   3   2   3   0   1   2   3   0   7  19  30  36
   69  59  64  54  38  33  14   9   7   4  13  11   0   4   0   5   2   9
    1   3   3   6   0   2   3   1   1   0   2   1   6   8  25  35  53  47
   42  31  14  10   2   2   1   2   2   4   3   3   1   1   1   1   1   2
    1   4   6   0   3   1   3   4   4   0   6   4   6   2   3   1  19  51
   44  33  43  24   7  13   1   2   0   1   4   3   1   1   3   4   4   4
    2   3   4   3   6   3   2   1   0   5   0   2   0   4   6  18  47  63
   45  36  11   4   3   2   0  10   4   2   2   5   2   0   8   2   1   2
    1   7   1   0   1   0   1   3   1   3   4   1   0   2   0   9  23  53
   65  53  30  13   3   4   0   6   0   1   3   6   1   2   1   0   1   1
    1   5   2   0   4   3   3   1   2   4   3   1   2   1   3  37  71  98
   74  36  13   3   3   1   2   2   0   0   2   3   0   3   9   1   6   0
    1   0   1   1   0   3   1   1   0   0   0   1   2   2   0  22  56  92
  115 112  63   9   1   4   2   1   4   2   2   3   1   0   2   2   6   0
    3   1   4   1   5   4   1   2   5   0   4   4   6   1  21  67  86  92
   88  35  18   3   1   0   5   1   1   4   2   3   0   1   4   3   1   1
    5   3   0   2   0   1   1   2   1   2   3   0   1   2   2   2  22  47
   60  65  21   5   0   1   4   2   3   3   0   2   2   4   1   2   1   5
    2   0   2   5   3   3   1   6   3   3   5   2   2   1   3  33  38  39
   48  27   7   7   1  10   3   1   0   5   0   3   5   5   5   3   2   1
    0   3   5   4   1   8   0   6   5   0   2   1   4   0   3   2   7  32
   37  26   7   2   8   4   0   2   1   1   1   6   8   7   1   3   1   0
    4   5   2   1   2   2   1   5   1   4   5   1   3   1   0  15  14  44
   52   6   2   3   0   5   2   4   1   3   3   3   0   6   4   8   4   2
   22  16  10  23   6   5   5   1   4   0   1   2   2   2   2   0   2  18
   21  13   1   0   5   5   1   9   2   3   5  12  13  19  24  18  21   9
   13   8   7  14  11   8   3   3   2   4   2   5   1   2   2  12  21  37
   18  11   1   2   2   3   5   9   3  11   5  12  19  33  14  12   4  12
   24  17  37  48  66  24  26  13   3   0   1   1   2   3   1   4   4  17
   24   8   1   1   1   1   1   2   2   9  15  24  37  23  29  17   7  13
   13   8  25  30  26  27  15  11   7   3   0   5   5   2   1   8  13  33
   27   9   2   2   0   2   2   5   7  11  37  54  45  29  21  12  14  10
   65  24  29  31  45  55  87  74  20  10   0   3   2   0   3   0  11  12
   14   4   3   1   3   2   0   9   7  11  46  66  33  17  10   7   9  30
   18  11  20  31  39  63  73  32  17   2   4   1   0   2   2   2   6  22
   31   8   0   0   1   5   5   1   7  33  58  68  22  12  18  53  44  48
    7  15  11   7  23  36 105  81  33  10   0   2   0   1   7   5   9  21
   31  12   7   2   4   1   5   4   3  32  62  59  21  18  37  25  23  39
   35  11  18  31  42  96 113  44  11   1   5   4   0   3   3   7   4  32
   30  10   2   3   1   1   5   2   8  52  72  24  29  27  39   7   9   8
    4   1   7   3  14  41  56  68  33   6   3   2   1   3   1   4  13  25
   26   6   1   1   0   4   3   7  19  35  68  30  25  34  16   9   5   0
    3   3   9  21  41  56  86  79  23   3   1   2   1   0   0   1   4  19
   31   6   2   1   2   3   1   4  18  33  54  34  31  17   6   3   6   3
    5   0   5   4   5  26  54  26  22  10   6   3   5   3   0   4  13  26
   18   6   4   1   3   4   3   9  19  33  27  20  34  14   5  10   4   3
    3   7   4   3  17  69  61  22  32   7   1   1   3   2   0   2  13  21
   24   6   4   1   2   5   4  10  27  22  43  35   8   3  10   1   1   0
    0   5   0   4   3  12  38  18  25  13   4   4   3   2   1   4   9  22
   31   1   6   3   6   4  11  12   9  21  17  34  16   0   3   0   3   2
    2   3   2   4   5  17  58  15  26   8   0   3   0   0   1   5  10  20
   13  13   1   2   1   3   7   4  21  18  12  11   1   7   4   6   3   1
    3   4   0   2   3   7  12  15   4   5   5   7   3   3   2   1  11  23
   20   7   4   1   1   1   2   9   8   5  14  11   1   4   2   2   5   4
    4   1   2   0   3   1   7   1   6   5   2   2   0   3   0   2  12  14
   19   7   0   2   1   2   2   3  10   6   0   4   1   1   4   1   4   2
    0   0   0   0   0   0   0   0   0   0   0   0   0   0   0   0   0   0
    0   0   0   0   0   0   0   0   0   0   0   0   0   0   0   0   0   0
    0   0   0   0   0   0   0   0   0   0   0   0   0   0   0   0   0   0
    0   0   0   0   0   0   0   0   0   0   0   0   0   0   0   0   0   0
    0   0   0   0   0   0   0   0   0   0   0   0   0   0   0   0   0   0
    0   0   0   0   0   0   0   0   0   0   0   0   0   0   0   0   0   0
    0   0   0   0   0   0   0   0   0   0   0   0   0   0   0   0   0   0
    0   0   0   0   0   0   0   0   0   0   0   0   0   0   0   0   0   0
