   39  39  49  45  45  46  47  37  57  60  39  50  47  54  47  58  45  41
   48  45  37  41  42  59  32  40  41  45  57  52  44  48  40  48  40  55
   51  50  49  35  38  42  45  46  36  48  32  35  42  45  51  53  50  51
   49  49  55  31  46  49  59  64  49  28  52  50  43  42  44  50  36  50
   14  16  17  20  18  16  17  31  25  18  20  39  19  39  32  64  54  47
   56  59  56  55  38  35  29  40  26  31  30  22  36  24  27  25  28  19
   31  18  23  24  28  25  29  41  35  35  35  35  36  35  57  48  51  54
   38  63  37  51  47  39  38  42  43  33  24  23  20  18  25  26   4  24
    9   6   2   3   5   2  10  10  11  10  15  19  34  36  64  63  85  83
   67  66  57  50  37  22  24  24  11  13  12  16  15   4  15  13  15   9
    8  12  17  31  26  27  26  42  35  38  59  56  73  47  52  72  67  63
   71  62  42  54  44  30  29  22  16  16   8   2   9   7   3   1   3   3
    0   2   1   5   6   1   1   1   5   0   2  11   5  23  44  59  93  88
   88  81  64  43  24  17  16   4  10   5   5  12   9  14   8   9   7  18
   18  11  12  19  11  15   9   5  17  23  34  33  47  51  79  75  83  83
   89  53  64  47  29  20   6  10   7   2   0   5   3   3   4   0   1   2
    1   2   1   1   0   0   5   2   3   0   6   0   5  12  30  57  83 113
  131 108  36  31   6   2   2   5   4   4   4  10   1  12   6   8  19   8
    9   7   1   8   6   3  13  16  18  15  23  25  39  43  73  94 144 133
  137  71  54  24  14  13   6   6   0   4   2   2   5   1   2   4   7   1
    7   1   1   2   5   3   4   2   3   3   2  10   1  13   8  49 107 133
  142  73  40  14   1   3   8   4   1   0   1   4   9  18  20  20  14   9
    4   9   1   2   0   7   2   0   6   5  13   8  11  26  42  65 129 119
  117  73  37  21   7   9   7   2   0   0   1   3   3   6  10  16  19  31
  230 132  92  69  38  12  14   6   1   1   0   0   9   1  24  67 118 177
  193  75  20  10   0   7   1   1   4   2   1   1   3  14  24  39  77  93
   63  26   4   6  12   5   0   0   0   3   3   0   6  32  41 129 152 175
  104  54  26   8   5   5   0   2   5   1   8   3  12  34  75 124 247 349
  113 140 130 139 106  67  45  23  10   7   4   3   3   0  19  47 115 190
  232  94  24   8  10   6   3   1   3   3   1   0  20  48 119 200 252 220
  156  91 113  82  60  29   2   0   0   2   1   2   1  19  52 167 345 347
  170  56  11  12   4   0   9   5   1   6   3  13  25  43  59  86  86 130
    5  15  10  43  70 107 123  95  52  12   3   5   2   9   8  37 130 236
  332 207  60  17   5  14   3   0   2   8   7  28  57  70  70  55  85  78
   37  14  29  38  78  78  63  34  18   1   7   2  15  15  44 182 446 495
  214  40   8   6   6   2   2   1   0   8   9  23  30  24  10  16  18   8
    0   2   3  12  17  29  75 135 105  41   6   0   9   4  12  81 199 348
  244 232  66  34   9  14   5   6   8  10   7  34  27  22  20  18  13  11
    2   2   8   5   1  31  73 170  66   4   6   1   5  18  42 160 327 451
  273  98  21  11   9   1   2   4  14  17  23  16  16   2   1   2   1   5
    0   1   3   1   8   3  12  58 110 114  27   1   1   4  13  49 129 198
  313 228 105  36  26  12   6   8  14  19  18  12   7  10  10  14   3  12
    1   6   3   8   5   9  25 104 145  24   9   0   4  23  36  62 149 288
  250  51  13   6   2  13   0   9  37  25   8   5  10   2   5   2   4   1
    3   2   2   1   2   1   1   8  53 121  57   0   3   3   9  45 105 185
  187 119  67  29  11  12  14  19  24  18   8   4   6   2   1   5   3   4
    5   2   8   1   2   5  29  32  86  67  25   2  16   7  31  35 198 257
  133  33   8   6   3   2  18  31  86  27   2   1   0   1   1   2   4   3
    7   2   1  10   6   1   4   3  16  74 115  15   6   7  15  33  57  87
  107  78  75  36  15   6   5  28  31  14   8   1  12   0   4   9   8   3
    7   8   0   6   3   1   8   3  59 150  51   8   2   3  13  39 159 162
   92  32   7   3   4   7  14 111 121  26   4   2   1   2   2   2  12   8
   11   8   5   3   7   2   1   6   6 116 278  37   1   6  19  21  33  69
   70  70  39  28   7   8   9  47  60   2   3   6   3  17   2   5   8   4
    6   8   2   3   2   5   2   1  41 321  54   8   3   1   6  11  69 102
   75  25   7  23   7   5  11 144  64   8   4   2   0   7   5   4  17  20
   15  10   3   9   2   2   6   1   7  55 138  16   2  10  21  23  47  93
   80  40  18  12   7   1   5  70  33   4   0   0   5  13  35  15  18   5
    6   5   2   3   4   1   0   2  16 167  62  15   1   9   4  12  59  99
   67  22  18   8   2   4   4  53  32   6   3   1   3   5   8  20  20  29
   59  25   8  14   1   1   2   3   0   1  12  10   3   8  14  25  48  80
   37  30  21   7  13   2   8  24   2   5   2   3   8   8  19  12  47  41
   27   5   4   0   2   3   3   4   8  47  39  10   9  12  10  14  27  61
   61  32  12   6   2   5  12  66   6   0   5   4   8  14  18  22  34  70
   67  18   8   3   2   3   2   2   0   1   2   8   5   7  10  11  33  25
   36   8   6   1   4   1   1  16   0   2   1   1   1   3  13  33  61  59
   36   7   2   4   1   5   0   1   4   9  28   5   6   2   6  19  18  30
   25  13   4   5   2   3   7  20   5   1   1   0   2  10  12  20  57  83
    0   0   0   0   0   0   0   0   0   0   0   0   0   0   0   0   0   0
    0   0   0   0   0   0   0   0   0   0   0   0   0   0   0   0   0   0
    0   0   0   0   0   0   0   0   0   0   0   0   0   0   0   0   0   0
    0   0   0   0   0   0   0   0   0   0   0   0   0   0   0   0   0   0
    0   0   0   0   0   0   0   0   0   0   0   0   0   0   0   0   0   0
    0   0   0   0   0   0   0   0   0   0   0   0   0   0   0   0   0   0
    0   0   0   0   0   0   0   0   0   0   0   0   0   0   0   0   0   0
    0   0   0   0   0   0   0   0   0   0   0   0   0   0   0   0   0   0
