 235422842259224022222270228024242314240423892388225622882195216221842095
 207521552174224822602281235724612398244324772466240523902313220122162191
 212321322168211922002181222321862271221223112316228322942353228023482327
 241025202492267227622643271125792635262026472473257325212498251523772373
  98210721002 957 890 855 900 932 907 94810121075111712511492166018121987
 205021742325224825892767295328832861277626032386222319731813180617041739
 174818011700168416721631170416671785190018852055205621482147213122272199
 210818441737166514811424131911681142107210051029 978 9411001 99610741106
  258 195 146 120  88  94  89 102 135 164 196 239 419 718 970146518732176
 24292494247223672355193418241605146013561097 943 777 671 595 550 573 697
  690 695 590 563 487 424 480 444 540 556 739 948110914071719170917381672
 163414371132 832 655 487 349 294 184 130 133 117 120 130 158 211 262 279
   59  30  24  19  16   7  19  29  20  49  56  81 118 170 339 568 9481346
 19122001184815431189 803 606 446 331 257 253 160 150 168 163 208 226 227
  171 150 120 123 107 117  93 109 131 167 234 338 61810601449172916921648
 1378 831 487 330 203 151 121  83  48  47  17  30  18  30  36  43  71  78
   24  19  15  20   8   9   6  19  18  22  28  36  59  89 142 330 8131388
 179016141191 771 470 318 256 153  74  75  52  52  54  65  73 117  99  91
   85  66  43  42  24  40  27  26  25  45  62 115 168 401 850132615031695
 1448 844 379 226 196 121  89  71  24  36  23  22  25  15  10  27  29  34
   28  30  30  32  18  12  16  16  19  13  20  14  45  82 149 386 8571628
 199016601018 401 197 166 133  71  58  55  32  36  29  21  37  50  51  56
   42  45  23  12  15  16  14  14  11  31  24  56  82 205 653131820562242
 1768 924 463 317 243 188 118  68  51  31  31  20  18  27  24  42  38  34
   56  51  48  49  11  16  14  17  13  25  24  30  60 105 220 383 9041640
 24252013 962 239 127  67  61  47  48  46  36  41  32  22  12  28  26  42
   38  31  22  15  13   7   9  18   6  11  11  28  41 134 487164122022603
 2050 899 407 249 167 139  97  89  63  47  40  31  31  35  65  68  52  81
  115 120  86  73  38  23  21  16  16  14  49  42  68 107 177 318 6751167
 15791093 428 182  87  81  49  32  50  60  56  46  47  62  61  44  68  73
   36  34  17  19  30   8   7   9  15  14  18  21  34  50 242 84711141515
 1576 547 239 186 160 123  97  78  73  66  84  81  95 110 137 120 115 105
  184 187 184 128 109  72  65  34  47  39  43  44  46  75 132 219 412 840
  936 668 262 154 106  85  78  63  87  68  76 120 199 264 254 240 212 168
  197 143  93  71  48  27  15  28  20  19  37  21  27  51 108 263 5271018
 1175 340 190 159 205 117 117 130 121 112 152 196 282 337 405 358 258 194
  298 405 483 433 383 427 373 195 127  53  28  39  44  51  76 150 306 710
  734 438 216 126 129 118 116 103  88  93 130 273 522 621 571 451 401 384
  383 332 328 433 253 185  62  36  47  42  23  35  46  70  95 145 366 949
 1075 315 157 121 125 130 114 174 196 310 394 538 674 806 751 601 474 409
  579 670 994 886118314311254 793 469 148  78  28  42  56  92 179 318 567
  660 374 197 128 110 137 171 172 132 203 437 797 894 717 531 412 405 338
  374 455 511 776 684 556 471 216  89  45  27  48  56  64 106 154 271 697
  689 284 158 100  91  90 106 146 268 494 9901210 973 831 623 615 589 571
 101311661045 86211471470200520451194 482  99  34  75 104 152 194 383 584
  757 387 206 111  57  99 167 165 239 42110221310 937 553 593 907 614 904
  806 596 614 724 80115201672 776 183  65  38  58  65  89 123 178 234 601
  606 371 140  90  96  81  83 153 292 88315681595 854 494 65012121012 954
  572 522 543 504 6041392175220611610 674 129  68  93 111 152 279 465 565
  722 290 163 110  89  91 137 225 319 67513841153 603 683 810 812 560 824
  885 497 499 819 746151625841337 430 142  80  60  52  81 142 175 238 684
  724 360 172  98  76  91  98 145 352 93915471045 844 695 692 736 431 655
   90 128 157 271 4411252173513581135 533 164  90  90 124 135 262 452 553
  434 196 104  99  81  90 142 231 409 8721415 869 606 741 407 271 198 171
  198 208 221 360 714134925681682 775 260 124  54  80  92 111  98 242 598
  575 241 168  96  67  84 116 194 524 8761133 741 982 487 229 135  73 107
   30  28  19  18 198 8541786 724 752 473 234 101  84  94  91 165 291 401
  346 128  76  77  60  91 132 222 300 669 868 703 463 303 128 121 109  40
   31  53  56 112 354109115911220 830 339 184  85  98  83  67  69 167 462
  457 217 122  71  74  74 107 216 478 548 585 718 325 217 134  88  39  38
   17   7   9  12  41 4921199 430 346 368 203  91  82  88  55  77 194 314
  303 100  55  43  54  71  90 103 228 361 400 464 196  98  68  55  71  50
   27  18  14  20  83 593 892 543 492 252 150  72  71  56  62  88 130 380
  317 192 106  49  63  53  78 128 288 250 267 312 141 120  60  39  43  35
   12  11   4  15  21 109 351 199 144 172 125  69  47  23  45  61 131 204
  161  47  47  14  18  35  33  59  98 141 176 188  76  34  28  40  38  33
   10  12   6  11  38 137 383 278 292 179 100  64  51  39  41  78 131 258
  207  75  42  20  33  69  61  70 134 131 108 108  77  40  30  23  28  10
    0   0   0   0   0   0   0   0   0   0   0   0   0   0   0   0   0   0
    0   0   0   0   0   0   0   0   0   0   0   0   0   0   0   0   0   0
    0   0   0   0   0   0   0   0   0   0   0   0   0   0   0   0   0   0
    0   0   0   0   0   0   0   0   0   0   0   0   0   0   0   0   0   0
    0   0   0   0   0   0   0   0   0   0   0   0   0   0   0   0   0   0
    0   0   0   0   0   0   0   0   0   0   0   0   0   0   0   0   0   0
    0   0   0   0   0   0   0   0   0   0   0   0   0   0   0   0   0   0
    0   0   0   0   0   0   0   0   0   0   0   0   0   0   0   0   0   0
