  219 252 247 231 243 232 246 220 234 242 232 229 230 218 220 221 226 227
  215 220 211 231 227 200 218 208 234 209 239 230 215 224 215 216 235 219
  244 210 228 215 214 201 191 195 219 214 210 206 249 177 188 223 211 192
  191 209 202 200 231 203 230 211 247 243 246 223 226 235 246 254 210 215
  136 136 156 152 167 159 151 158 143 178 151 161 145 159 142 183 212 192
  199 212 203 200 206 196 191 195 168 186 221 213 206 202 197 208 171 172
  187 204 187 160 178 171 182 178 119 165 146 159 156 163 151 150 149 125
  139 135 125 112 146 171 173 142 158 148 145 148 143 167 153 144 155 158
   60  53  74  67  67  63  66  69  58  78 119  92 108 100 124 117 125 120
  141 127 118 133 126 147 124 141 132 150 134 144 130 121 145 135 118 125
  113 111  88 115  91  86  76  84  88  84 104  86  95  82  80  75  94 109
   82 100  90 112  77  87  94  61  89  88  71  53  62  54  76  78  77  74
   57  46  24  28  42  35  32  47  41  29  32  48  53  46  80  71  84  95
   76  72  87  96 107  90  96  87  82  79  86  70  59  68  58  61  72  78
   58  55  53  39  32  31  27  29  41  45  57  87  80  68  68  80  93  72
   73  96  75  76  47  43  45  55  46  34  32  41  32  32  38  40  49  38
   41  47  44  48  46  56  45  25  38  35  20  28  22  23  44  54  78  50
   68  79  84  91  60  48  59  55  43  44  50  39  43  40  53  44  66  71
   45  49  49  30  41  37  31  42  29  42  41  58  52  51  67  73  75  68
   65  65  61  50  38  45  49  65  51  57  40  68  57  54  42  55  58  50
   57  57  66  47  61  71  53  59  50  70  69  52  36  34  43  70  78  80
   79  69  68  60  56  51  55  65  62  63  42  44  38  49  51  84  58  57
   61  59  42  57  66  43  53  54  62  64  64  37  53  70  65  57  77  87
   66  72  69  46  59  67  55  83  81  64  68  74  81  77  85  47  77  59
   52  36  38  50  43  52  63  65  73  72  86  65  55  62  41  70  96  81
  102  77  65  53  35  45  65  54  75  47  55  65  55  73  54  55  38  40
   38  50  66  74  77  97  70  70  77  82  70  47  42  48  68  58  98 121
   81  69  47  64  40  78  74  76  68  62  53  70  75  63  67  64  48  52
   22  34  25  29  70  71  72  86  89  90  84  60  63  62  54  56  63  67
   99  85  50  38  42  50  55  50  73  81  85  84  80  65  45  49  34  32
   36  23  49  64  78 101  96 103  79  79  67  65  50  35  44  54  78  90
   42  54  41  38  63  68  62  85  68  65  76  94  78  48  52  33  36  37
   21  29  23  20  39  45  44  47 104 113  65  75  64  66  42  42  43  57
   73  52  49  46  61  75  65  67  56  80  72  74  74  46  31  20  31  24
   24  17  18  20  57  62 108 118  99  82  59  73  44  27  33  52  54  72
   55  41  42  46  55  74  89  89  93  77  84  65  42  28  39  36  17  38
   74  57  49  27  30  43  44  69  61  96  70  53  64  44  40  59  58  57
   66  62  45  45  38  61  68  69  83 101  85  50  44  52  46  50  36  35
   38  41  26  33  26  25  81  82 103  90  55  74  50  45  44  47  54  76
   44  39  52  63  59  74  81  89  68  87  69  57  22  49  36  45  51  59
  149  95  80  77  71  72  90  69  51  59  70  60  50  42  38  58  63  57
   63  57  64  49  63  48  68  75  74  59  68  67  81  68  55  64  62  75
   72  55  38  35  47  56  46  80  65  79  51  52  40  36  46  35  40  52
   44  43  45  56  41  76  90  66  77  55  61  73  81  45  63  77  86 124
  198 161 104 100  62  73  89 109  94  47  47  56  57  55  58  68  41  41
   68  50  65  50  57  64  63  59  59  62  69  84  66  72  80  71  99 161
  125  76  71  49  50  72  66  33  37  51  47  54  66  62  45  31  42  46
   51  43  49  51  56  48  50  41  43  75  74  75  72  58  90  92 114 200
  207 138  82  45  54  69  81  93  79  37  36  55  36  43  58  55  66  52
   56  52  51  46  45  42  43  56  45  59  72  87  91  64  75 107 125 198
  167 107  64  45  50  64  76  73  47  26  43  59  54  70  58  55  41  59
   62  46  65  56  46  38  39  43  41  57  68  83  74  63  52  99 119 223
  156  96  68  58  62  69  59  82  85  36  29  43  34  57  47  56  57  39
   53  28  35  49  51  38  33  35  35  52  56  63  55  69  69  75 113 225
  164  78  68  64  46  80  80  98  58  26  44  51  75  60  51  41  41  65
   51  54  53  52  45  28  38  38  24  70  67  68  49  63  76  82  89 149
   70  44  45  32  38  45  37  55  56  29  21  56  52  45  30  40  36  50
   26  29  28  29  33  28  27  23  38  46  60  51  69  49  58  71  76 137
   92  54  40  36  45  46  75  76  40  21  29  41  42  41  37  32  19  44
   44  35  32  49  31  27  25  16  26  50  44  51  70  52  52  38  34  56
   11  23  19  29  47  54  38  44  29  24  22  25  31  30  16  18  13  21
   22  27  15  14  26  25   6  13  18  35  33  44  51  43  29  29  46  46
   39  13  21  23  44  44  48  50  26  27  20  38  35  36  15  16  12  27
   32  16  13  26  26  13  19   6   9  21  26  30  47  54  29  16  15  13
    8   9   7  21  29  34  35  16  22  20   7  14   0  13   4   7  10  17
   10   7   5   6  12  16   3   8  11  15  29  22  38  19  11  17   9  10
   15   3   9  27  38  46  25  28  22  16  13  23  19  20  10   9  19  27
   13  11  10   5  13   8   7   9  10  19  22  34  21  27  12   5   7  13
    0   0   0   0   0   0   0   0   0   0   0   0   0   0   0   0   0   0
    0   0   0   0   0   0   0   0   0   0   0   0   0   0   0   0   0   0
    0   0   0   0   0   0   0   0   0   0   0   0   0   0   0   0   0   0
    0   0   0   0   0   0   0   0   0   0   0   0   0   0   0   0   0   0
    0   0   0   0   0   0   0   0   0   0   0   0   0   0   0   0   0   0
    0   0   0   0   0   0   0   0   0   0   0   0   0   0   0   0   0   0
    0   0   0   0   0   0   0   0   0   0   0   0   0   0   0   0   0   0
    0   0   0   0   0   0   0   0   0   0   0   0   0   0   0   0   0   0
