  659 673 639 675 669 678 690 695 704 648 691 615 649 625 663 682 659 671
  631 663 594 654 602 693 668 732 618 674 684 639 632 671 697 661 650 719
  675 655 664 652 633 637 680 646 607 622 628 682 654 664 665 704 636 686
  673 738 672 678 728 709 675 763 704 715 688 736 685 704 666 689 667 708
  404 409 381 444 401 449 417 468 447 468 442 522 487 470 550 561 628 658
  627 629 595 629 683 689 732 754 711 694 677 678 646 644 616 630 614 620
  640 579 624 605 550 609 652 594 596 591 622 661 631 666 617 653 596 689
  603 625 644 641 532 580 527 497 502 447 447 427 432 429 409 447 446 387
  137 154 168 133 151 169 188 242 242 258 279 287 303 412 445 537 586 644
  700 666 675 668 634 621 574 609 532 491 421 387 364 323 339 303 305 331
  341 342 341 344 338 330 355 349 380 411 404 477 500 577 562 550 587 611
  563 501 521 455 382 349 320 259 258 182 180 179 134 166 138 133 165 160
  103  92 100 104 145 121 158 145 128 167 158 160 221 340 418 451 533 535
  631 654 625 570 509 482 388 362 284 230 214 166 148 153 159 137 147 116
  126 120 135 157 129 131 156 191 232 237 260 322 368 500 578 616 610 554
  555 522 432 357 279 245 172 164 120 128 101 126  94 127  88  93 111  92
  102 105 119 150 141 170 145 150 155 144 118 148 185 240 366 346 529 586
  690 663 632 476 399 295 261 200 171 145 139 160 137 122 115 104 113 102
  107 106 110  98 114 122 143 121 112 122 167 262 328 441 580 751 791 791
  734 576 399 322 255 183 155 130 101 111 113 113  99 103  70  87  81 109
   69  74  85  91 100 115 174 173 180 133 126 123 143 212 303 402 596 806
  868 759 617 420 312 223 202 147 131 151 120 150 130 115  91  73  80 102
  110 107  86 118 120 151 123 106 148 154 163 230 341 451 603 829 974 972
  767 639 416 271 218 154 135 149 106 112 102  98  86  73  59  86  78  65
   62  53  80  75  93 113 136 168 151 136 159 175 191 220 347 437 554 775
  925 836 560 374 286 246 171 122 116 116 114 106 105  87  48  76  54  55
   65  67  60  86  83 117  90  92 127 138 175 194 312 402 573 702 936 936
  757 576 463 300 250 176 149 139  90 104 109  92  70  65  71  76  70  54
   90 115  97  91  66  95  95  96  86 134 169 188 211 257 276 353 463 653
  635 614 460 325 295 250 197 168 104 128  99 102  80  82  77  78  66  96
   51  62  57  63  76  65  93  69 120 107 189 191 216 232 312 513 577 670
  655 508 367 323 254 181 160 125 115  94  90 101 123 120 110  98  87 103
  187 153 168 168 151 119 110  81  76  96 123 178 222 211 212 306 418 466
  471 395 324 238 252 220 133 117  88 115 113 131 159 181 155 145 157 150
  132 139 123 142 124  76  73  67  99 115 170 230 212 169 275 392 399 479
  518 371 287 288 206 171 143 134 126 119 142 160 198 223 195 189 180 147
  191 250 225 255 244 252 230 183 153  98 107 161 189 212 228 254 310 386
  371 315 282 226 260 174 152 130 131 123 152 223 219 288 278 231 204 204
  221 264 231 264 262 162 140 127 112 119 150 194 228 208 229 334 370 423
  423 295 236 212 211 170 156 141 176 218 291 261 319 336 274 287 266 202
  306 346 409 416 450 507 482 341 268 171 154 177 171 217 236 233 305 383
  355 266 235 214 219 206 164 154 151 190 256 283 365 309 293 282 277 237
  249 277 291 380 297 317 315 266 136 122 131 149 213 197 232 240 288 379
  381 255 205 223 207 155 130 137 224 277 366 450 443 419 377 362 366 283
  407 456 445 512 567 684 784 662 443 275 168 147 165 217 201 244 311 401
  386 275 227 195 182 187 150 185 199 240 353 470 409 439 369 376 341 362
  352 343 376 411 463 596 699 364 247 150 112 159 175 189 167 219 304 358
  366 264 188 180 194 127 128 158 247 344 510 629 551 480 404 471 411 408
  286 335 371 419 623 861 962 773 542 308 175 122 144 144 173 243 363 376
  347 271 164 148 176 129 117 168 198 309 442 514 502 471 393 345 298 326
  356 302 350 486 591 821 979 554 319 221 106  95 145 156 173 211 289 391
  364 247 200 141 123 129 131 176 237 381 584 637 591 476 373 351 270 311
  129 168 175 239 457 821 946 645 435 259 139 121 120 185 148 177 289 303
  310 198 154 126 116 124 126 170 220 332 500 525 479 400 299 232 167 156
  151 166 201 369 61210051029 633 401 252 118  95 113 179 153 179 240 296
  340 230 163 158 120 117 122 165 238 347 484 551 512 334 236 181 146 142
  124 135 114 114 254 619 809 390 299 212 134 105 110 163 109 154 224 236
  208 145 107  93 111  91  85 118 156 285 362 454 349 244 184 152 160 131
  116 105 111 164 372 708 703 501 333 213 132  84 116 128  99 120 190 236
  272 165 138 107 110  89  93 130 196 270 336 351 264 170 152 164 152 137
  116 144 116  85 103 309 439 230 182 178 109  78  71  88  81  72 141 136
  144 110  66  71  67  46  68  88  90 173 214 243 189 103 117 162 139 126
  125 123 100  63 135 389 395 315 206 155 107  70  88 103  89 110 132 195
  192 100  87  70  63  63  75  76 146 156 185 207 162 145 150 149 159 146
   55  47  63  68  41  88 170 138  85  95  75  48  41  38  39  54  83 100
   89  60  52  27  31  41  37  43  63  64 107  93  85  74  88 129  92  48
   69  85  92  48  43 131 201 159 110  98  95  47  49  69  51  49 101 103
  107  72  42  47  36  36  48  47  86  99 107  87  72  78  94  96  73  49
    0   0   0   0   0   0   0   0   0   0   0   0   0   0   0   0   0   0
    0   0   0   0   0   0   0   0   0   0   0   0   0   0   0   0   0   0
    0   0   0   0   0   0   0   0   0   0   0   0   0   0   0   0   0   0
    0   0   0   0   0   0   0   0   0   0   0   0   0   0   0   0   0   0
    0   0   0   0   0   0   0   0   0   0   0   0   0   0   0   0   0   0
    0   0   0   0   0   0   0   0   0   0   0   0   0   0   0   0   0   0
    0   0   0   0   0   0   0   0   0   0   0   0   0   0   0   0   0   0
    0   0   0   0   0   0   0   0   0   0   0   0   0   0   0   0   0   0
