  226 216 197 186 183 187 201 189 202 212 223 212 238 238 269 299 321 288
  266 255 224 227 201 177 161 161 160 143 151 135 144 143 133 114 120 140
  169 192 211 224 217 217 221 253 240 262 277 272 289 287 290 287 302 273
  297 303 318 313 314 312 291 294 278 267 249 244 246 249 247 237 247 224
  135 120 125 123 129 138 159 156 171 170 179 203 233 282 324 369 377 393
  371 333 307 276 269 263 234 242 203 202 188 164 168 165 155 140 158 185
  218 263 281 288 285 292 274 286 274 277 266 277 262 275 249 243 247 231
  217 206 222 233 243 217 231 211 182 176 161 170 160 177 175 162 160 149
   82  58  72  67  83  84  96  98 106  99 119 123 141 155 174 203 248 263
  229 218 229 217 208 218 207 199 202 190 157 154 144 143 149 147 170 176
  191 222 212 214 228 233 233 234 224 204 196 208 197 193 191 198 179 149
  148 140 118 131 134 130 136 132 123 114 105 108  89  93  96  83  94  82
   63  50  57  73  75  80  83  86  96 102  90  97 106 114 159 161 182 198
  186 176 164 168 161 152 137 165 147 131 131 107 101 117  96 109 112 111
  103 125 128 120 155 164 179 167 171 146 146 159 155 143 167 162 157 141
  134 119 111  95 110 111 109 105 110  94  84  92  78  67  65  68  76  68
   73  56  69  70  73  92 101 101 109  97 101 107 135 142 158 181 219 231
  226 175 172 133 134 130 121 122 106 103  90  81  78  75  67  78  75  73
   86  90  81  75 103 105 105 101 115 121 121 141 146 138 156 150 178 160
  159 149 131 117 128 111 116 123 105  95  82  74  77  69  58  68  62  70
   75  81  74  85  99 131 140 135 137 120 131 134 132 139 146 183 246 307
  281 206 161 128 119 100 104  81  81  79  61  78  70  64  76  80  71  73
   76  85  78  71  84  78  87 108 108 110 129 143 151 155 142 180 182 170
  168 157 152 135 146 146 148 139 147 127 107  92  72  75  70  66  63  83
   59  88  95  92 114 139 159 149 151 141 157 136 129 138 134 160 235 305
  313 236 166 126 115  84 106  94 101  93  77  73  74  71  90  87  94  94
   95  90  76  83  76  96 113 120 118 133 131 156 152 158 153 166 190 207
  207 175 163 152 166 153 152 171 159 152 135 120 107  95  92  68  66  80
   79  84  91 102 126 150 156 164 148 152 134 136 136 112 122 124 183 277
  292 226 163 147 120 115 105 114 128 123 109  88  88  76  88  96 108 123
  104 102  86  80 103 128 151 149 139 139 142 142 148 142 160 180 179 182
  170 167 141 154 168 168 158 161 153 165 155 158 117 117  95  62  66  85
   99 131 138 155 147 150 159 141 139 143 122 107  92  88  88 102 159 255
  298 243 134 129 117 107 117 117 125 135 122  97  91  85  87 103 124 142
  121 126 116  84  89 168 208 198 164 135 137 136 135 149 136 155 189 188
  144 136 121 102 128 134 144 140 144 139 148 144 125 117 107 102  88  98
  178 179 187 177 146 158 198 169 134 122 103  94  75  81  73  97 128 254
  288 213  88  82  82  78  92 113 125 111 110 101  98 116 121 134 163 179
  169 140 139 122 135 207 230 220 179 160 146 123 113 117 130 147 242 233
  163 103  89  87  79  96 112 113 114 122 160 143 134 130 138 125 129 156
  201 223 210 160 143 181 222 188 157 106  67  65  62  63  80  75 121 208
  227 139  65  48  73  66  83  96 105 114 136 141 181 224 242 259 338 293
  215 204 198 179 194 246 273 205 175 155 112  99 111 116 102 107 183 212
  176 120  94  73  78  77  90  88 120 148 175 181 156 151 152 154 172 178
  197 212 201 155 127 173 227 217 164  99  67  58  55  65  62 104 133 195
  193 100  56  53  57  62  69  77 123 150 244 348 431 430 481 482 448 342
  268 239 221 221 290 315 357 269 201 161  92 103 104 105  92  83 138 185
  177 127 106  91  90  79  76  83 129 192 268 236 168 155 168 158 163 177
  180 174 143 109 114 165 273 248 169 110  68  53  52  60  76  85 116 191
  158  91  44  52  58  39  74  95 169 243 609 902 719 587 575 494 383 292
  268 253 242 261 346 370 393 329 247 210 119 107 104  73  67  80 133 167
  144 107  97  88  84  71  69  98 141 256 329 243 154 133 133 117 122 152
  133 123 103  91  94 139 259 267 167 109  56  41  52  60  63  80  99 157
  145  79  67  56  50  61 103 147 155 323 664 894 606 448 477 362 265 219
  251 241 211 246 329 343 390 346 266 227 186 135 116  64  56  64 111 166
  120  95  74  85  67  67  57  71 138 242 296 216 148 104 100 107  94 116
   89  87  85  91  86 109 220 206 144  85  48  30  38  38  48  60  87 124
  124  65  59  33  70  93 115 114 198 292 405 507 368 248 231 220 162 178
  181 163 157 140 232 274 301 293 221 175 152 137 156 100  56  75 105 139
   94  84  74  64  57  52  51  67 142 205 214 215 153 114  75  71  82  92
   74  72  76  81  72 115 202 165 147  78  51  18  34   9   1  19  52  92
   68  25  14  33  60  65  64  87 145 198 230 259 174 115 114  86  66  59
   72  77  65  60  99 138 170 155 138  85  91 101 138 105  85  51  66 116
   71  45  31  18  34  30  40  65 130 192 200 191 118  88  90  81  72  57
    4  17  28  18  18  57 155 105  72  43  20   5   0   0   0   0   0  23
    5   0   0   0   0   0   0   0  31  63  74  98  46  16   3   0   0   0
    0   0   0   0   0   5  27  39  12   0   0  18  25  19  23  30   5  50
   39   0   0   0   0   0   2  26  69 101 124  99  73  47  47  17   8  18
    0   0   0   0   0   0   0   0   0   0   0   0   0   0   0   0   0   0
    0   0   0   0   0   0   0   0   0   0   0   0   0   0   0   0   0   0
    0   0   0   0   0   0   0   0   0   0   0   0   0   0   0   0   0   0
    0   0   0   0   0   0   0   0   0   0   0   0   0   0   0   0   0   0
    0   0   0   0   0   0   0   0   0   0   0   0   0   0   0   0   0   0
    0   0   0   0   0   0   0   0   0   0   0   0   0   0   0   0   0   0
    0   0   0   0   0   0   0   0   0   0   0   0   0   0   0   0   0   0
    0   0   0   0   0   0   0   0   0   0   0   0   0   0   0   0   0   0
