   88 106  97  94 114 102 103 114 113 113 102 104 101 106 103  98  99  95
   95  86  76  76  66  79  61  64  67  75  88 103  97 123 119 116 133 121
  117 131 123 111  94  85  78  88  81  83  83  89  81  76  84  81  77  92
   65  75  85  82  72  72  65  70  67  60  59  52  55  48  58  59  50  70
  132 142 149 163 162 190 181 170 171 154 151 139 139 136 132 132 124 121
  118 112  99  97  93  90  86  78  79  73  78  91  85  79  79  84  78  83
   85  69  73  82  73  77  83  94  84  83  94  84  87  95  97  79  81  82
   87  76  79  86  92  92  85  73  83  70  67  69  61  64  66  60  59 100
  125 152 145 129 158 154 175 165 170 164 172 164 160 169 173 170 179 177
  172 169 151 143 134 134 119 116  97  98  80  78  73  60  57  61  65  63
   59  59  68  77  84  92 113 107 103 109 101 114 103 115 117  99 123 119
  120 112 113 105 108 104 102  89  85  80  83  62  63  73  83  92  79  95
  123 133 121 134 120 133 129 127 122 119 107  99 102 103 110 116 119 113
  135 138 149 154 163 157 163 137 130 103  80  72  57  54  46  41  48  45
   46  53  65  86  90 101  90  92  84  92  78  92  97  96 104 117 116 127
  125 126 132 124 123 113 107  98  86  83  85  70  70  65  80  92  96 111
   83 104 113 116 119 102  83  85  81  82  76  68  69  69  80  74  78 104
  100 102 109 127 130 141 144 125 111  87  68  63  53  39  42  26  31  39
   33  47  51  55  63  57  51  42  52  57  70  61  75  83  82 100 100 116
  105 115 115 126 114 105 102  86  73  67  69  70  65  78  74  71  80  85
   86  79  99  93  72  69  57  53  51  46  53  48  56  54  62  67  82  93
  117 115 129 128 139 129 125 113  93  77  58  43  49  42  22  21  33  22
   24  34  39  49  40  39  24  41  47  54  48  48  63  70  92  84  90  94
   94 107  97  94  89  74  67  70  57  53  66  64  60  63  57  54  60  74
   88  88  77  83  51  46  38  33  52  37  40  52  53  63  62  63  74 108
  135 134 139 155 132 127 128 115  87  61  45  44  34  27  23  22  20  28
   14  32  39  39  37  35  41  41  39  39  38  47  53  79  88 103 102  97
   86  88  74  65  66  56  47  44  40  45  57  52  53  54  51  61  67  71
   93  77  55  51  47  38  39  45  40  53  49  44  43  64  71  74  66  86
  113 119 128 120  94  74  61  77  64  57  50  46  42  36  40  34  23  29
   24  35  33  34  35  28  34  36  38  51  42  47  68  97 110 128 133 141
  137 113  90  73  60  54  50  41  28  39  36  35  38  42  43  45  69  82
   60  59  36  38  44  45  46  48  46  33  34  36  42  49  68  52  56  92
  134 159 139 109 103  81  62  46  43  30  34  29  38  33  30  25  22  32
   23  36  35  40  44  42  46  35  37  31  42  48  67  94 100 152 166 171
  151 135 108  76  56  51  35  42  38  26  36  37  33  33  25  31  35  43
   31  28  40  24  34  45  41  23  23  36  23  39  46  77  90  97 112 156
  214 185 158 119  82  78  60  37  33  18  31  27  34  48  46  42  40  41
   36  48  66  70  71  64  42  30  22  19  28  38  43  69  90 144 203 255
  242 214 156 115  67  52  30  33  22  26  26  25  31  19  25  21  24  23
   19  25  32  24  35  33  29  27  26  24  34  52  62 107 120 110 135 222
  283 190 117  72  41  46  45  38  37  28  32  39  37  48  60  62  56  61
   70  99 102 122 118  90  51  35   8  13  15  25  34  39  59  96 140 193
  200 182 142 110  73  45  38  23  34  37  26  24  16  17  13  12  18  16
   27  31  27  34  36  26  33  33  26  33  28  32  42  88 117 111  95 147
  181 147  86  56  32  28  27  18  36  46  52  64  57  57  72  66  79  78
  105 117 166 151 130  78  43  43  22  29  16  27  33  32  50  78 110 137
  132 108  90  67  52  42  37  29  47  37  25  27  22  23   9  20   8  19
   32  22  40  33  45  29  29  24  29  26  21  19  38  59  96  87  96 133
  173 110  52  51  21  15  29  41  57  58  74  69  62  49  72  78  73  94
  158 195 176 154  86  72  61  54  41  40  41  34  26  36  55  73  99 139
  143 117  71  57  31  39  31  54  54  29  17  25  30  25  23  25  17  18
   35  50  50  44  38  27  26  22  21  28  20  23  22  36  54  64  84 138
  147  71  39  28  21  25  51  84  91  74  69  66  44  47  50  68  93 114
  169 256 176  85  64  44  62  53  55  47  49  51  45  41  44  65 105 150
  168 133  65  35  32  25  35  39  30  17  26  19  34  38  42  37  51  35
   62  61  53  47  39  30  23  15  19  23  38  22   5  26  38  48  57 116
  123  61  37  22  25  53  80 181 100  61  46  53  45  47  47  62  74  96
  134 228 177  66  39  41  45  41  36  54  48  82  70  62  42  64 103 119
  149 103  55  25  25  15  56 115  29  14  26  18  33  47  54  70 103  79
  144 111  87  68  39  36  23  16   1  15  74  13  13  17  16  22  30  69
   63  32  12  39  55  47  67 159  68  39  36  31  38  34  31  42  52  62
   91 136 115  58  37  34  29  28  14  30  46  51  61  48  52  55  75 100
   65  41  21  17  14  14  42  90  15   9  11  17  23  42  64 102 172 163
  189 129  75  38   2  20  24  22  24  13  38  16   1  16  14  13   8  14
    2  12  18  10   7   0   2  41   7   8   4   7   6   7   0  15   5  16
   52  67  47   6   8  18  19   9  17  17  12   4   3   5   7  15  21  41
    6   8  11  20  19  12  24  23  20  15  20  17  11   3  14  75 174 232
    0   0   0   0   0   0   0   0   0   0   0   0   0   0   0   0   0   0
    0   0   0   0   0   0   0   0   0   0   0   0   0   0   0   0   0   0
    0   0   0   0   0   0   0   0   0   0   0   0   0   0   0   0   0   0
    0   0   0   0   0   0   0   0   0   0   0   0   0   0   0   0   0   0
    0   0   0   0   0   0   0   0   0   0   0   0   0   0   0   0   0   0
    0   0   0   0   0   0   0   0   0   0   0   0   0   0   0   0   0   0
    0   0   0   0   0   0   0   0   0   0   0   0   0   0   0   0   0   0
    0   0   0   0   0   0   0   0   0   0   0   0   0   0   0   0   0   0
